301 0 FBIS3-10082 1
301 0 FBIS3-10169 0
301 0 FBIS3-10243 1
301 0 FBIS3-10319 0
301 0 FBIS3-10397 1
301 0 FBIS3-10491 1
301 0 FBIS3-10555 0
301 0 FBIS3-10622 1
301 0 FBIS3-10634 0
301 0 FBIS3-10635 0
301 0 FBIS3-10721 1
301 0 FBIS3-10805 1
301 0 FBIS3-10910 1
301 0 FBIS3-10937 1
301 0 FBIS3-10938 0
301 0 FBIS3-11003 1
301 0 FBIS3-11028 0
301 0 FBIS3-11095 1
301 0 FBIS3-11099 1
301 0 FBIS3-11210 1
301 0 FBIS3-11318 0
301 0 FBIS3-11405 1
301 0 FBIS3-11502 1
301 0 FBIS3-11553 1
301 0 FBIS3-1162 0
301 0 FBIS3-11628 1
301 0 FBIS3-11634 1
301 0 FBIS3-12094 1
301 0 FBIS3-13011 0
301 0 FBIS3-14449 0
301 0 FBIS3-14832 1
301 0 FBIS3-15271 0
301 0 FBIS3-15418 0
301 0 FBIS3-15509 0
301 0 FBIS3-15586 1
301 0 FBIS3-15988 1
301 0 FBIS3-16151 0
301 0 FBIS3-16286 0
301 0 FBIS3-1638 0
301 0 FBIS3-16769 0
301 0 FBIS3-16775 0
301 0 FBIS3-17073 0
301 0 FBIS3-17175 0
301 0 FBIS3-17255 0
301 0 FBIS3-17394 0
301 0 FBIS3-17422 0
301 0 FBIS3-17547 0
301 0 FBIS3-17704 0
301 0 FBIS3-17880 0
301 0 FBIS3-18129 0
301 0 FBIS3-18281 0
301 0 FBIS3-18507 0
301 0 FBIS3-19199 1
301 0 FBIS3-19420 1
301 0 FBIS3-19646 1
301 0 FBIS3-19682 0
301 0 FBIS3-19863 0
301 0 FBIS3-20360 1
301 0 FBIS3-20551 1
301 0 FBIS3-20552 1
301 0 FBIS3-20796 0
301 0 FBIS3-21603 1
301 0 FBIS3-21604 0
301 0 FBIS3-21605 1
301 0 FBIS3-21620 0
301 0 FBIS3-21627 1
301 0 FBIS3-21628 1
301 0 FBIS3-21629 1
301 0 FBIS3-21630 1
301 0 FBIS3-21631 1
301 0 FBIS3-21632 1
301 0 FBIS3-21635 1
301 0 FBIS3-21636 1
301 0 FBIS3-21641 1
301 0 FBIS3-21642 1
301 0 FBIS3-21670 0
301 0 FBIS3-21671 0
301 0 FBIS3-21699 1
301 0 FBIS3-21710 1
301 0 FBIS3-21720 1
301 0 FBIS3-21722 1
301 0 FBIS3-21723 1
301 0 FBIS3-21724 1